100
509
1 7
1 12
1 21
1 23
1 28
1 30
1 33
1 46
1 62
1 78
1 88
2 4
2 13
2 65
2 83
2 94
2 95
2 98
3 14
3 16
3 58
3 60
3 66
3 72
3 81
3 84
3 86
3 94
3 99
4 18
4 31
4 34
4 48
4 53
4 58
4 72
4 74
4 76
4 91
4 97
5 21
5 33
5 43
5 46
5 66
5 88
5 92
6 7
6 39
6 48
6 64
6 71
6 73
6 78
6 95
7 26
7 36
7 45
7 49
7 57
7 63
7 65
8 28
8 37
8 48
8 50
8 67
8 69
8 73
8 83
8 84
9 13
9 31
9 42
9 44
9 65
9 69
9 75
9 88
9 98
10 17
10 27
10 41
10 69
10 70
10 85
10 88
10 89
11 18
11 20
11 34
11 37
11 51
11 53
11 76
11 97
11 99
12 13
12 35
12 41
12 51
12 60
12 74
12 83
12 88
12 91
12 92
12 99
13 22
13 33
13 36
13 37
13 41
13 48
13 63
13 64
13 77
13 78
13 86
13 95
14 27
14 29
14 34
14 55
14 57
15 19
15 35
15 41
15 47
15 51
15 61
15 66
15 74
15 85
15 89
15 92
15 93
15 95
16 23
16 35
16 38
16 44
16 52
16 81
16 93
17 21
17 49
17 73
17 77
17 95
18 28
18 30
18 43
18 45
18 47
18 60
18 63
18 73
18 83
18 96
18 100
19 61
19 68
19 84
19 90
19 95
19 97
20 27
20 43
20 50
20 53
20 59
20 67
20 70
20 79
21 23
21 28
21 37
21 43
21 66
21 75
21 84
21 96
21 98
22 26
22 34
22 39
22 71
22 81
23 50
23 60
23 65
23 71
23 91
23 94
23 100
24 30
24 34
24 35
24 37
24 50
24 55
24 59
24 61
24 64
24 67
24 74
24 76
24 79
24 83
24 87
24 96
25 33
25 39
25 63
25 72
25 79
25 82
26 36
26 63
26 68
26 69
26 84
26 94
27 31
27 33
27 71
27 74
27 79
27 84
27 90
28 33
28 45
28 47
28 51
28 54
28 59
28 60
28 62
28 63
28 68
28 72
28 76
28 77
28 93
28 97
28 98
28 99
29 79
29 94
29 96
29 99
30 36
30 39
30 46
30 59
30 66
30 71
30 79
31 38
31 44
31 45
31 49
31 66
31 81
31 90
32 36
32 38
32 56
32 64
32 69
32 74
33 42
33 44
33 50
33 53
33 60
33 71
33 84
34 43
34 44
34 45
34 48
34 70
34 80
34 83
34 88
34 100
35 39
35 42
35 45
35 50
35 85
35 94
35 97
35 98
36 41
36 51
36 59
36 77
36 83
36 86
37 52
37 56
37 65
37 85
37 89
37 94
37 97
38 59
38 69
38 76
38 77
38 88
39 52
39 77
39 91
39 92
40 49
40 57
40 64
40 66
40 73
40 75
41 42
41 47
41 50
41 58
41 72
41 74
41 75
41 77
41 87
41 90
41 93
42 76
42 95
43 50
43 54
43 55
43 61
43 74
43 84
44 46
44 78
44 80
44 94
45 63
45 70
45 87
45 88
46 50
46 65
46 73
46 77
46 94
46 99
47 49
47 57
47 69
47 79
47 84
47 86
47 90
47 94
48 62
48 66
48 67
49 52
49 56
49 73
49 80
49 89
49 96
49 97
50 52
50 58
50 74
50 95
51 63
51 93
51 94
51 95
51 100
52 81
52 82
52 88
52 89
52 97
53 55
53 67
53 87
53 89
53 93
53 99
54 60
54 77
54 92
55 67
55 71
55 90
55 91
56 63
56 82
56 88
56 97
56 98
56 100
57 59
57 60
57 75
57 91
57 95
58 79
58 95
58 99
59 78
59 79
59 84
59 98
60 61
60 80
60 81
60 93
62 76
62 94
63 76
63 78
63 79
63 98
63 100
64 74
64 87
65 97
66 72
67 68
67 81
67 82
67 88
67 91
67 96
68 86
68 90
68 100
69 72
69 78
69 82
69 85
69 97
70 74
70 78
70 84
70 85
70 93
70 94
70 96
71 78
71 79
71 81
71 83
71 97
72 82
72 83
74 80
74 83
74 88
74 91
75 76
76 83
76 85
76 94
77 79
77 87
77 95
77 97
78 84
78 86
78 94
78 95
79 95
79 97
80 93
80 95
82 88
82 90
83 91
84 85
84 86
84 94
84 95
84 98
85 88
85 90
85 92
85 95
86 94
86 95
87 95
88 90
89 92
89 97
89 100
90 100
93 97
94 96
94 97
94 100
96 98
97 100
