200
398
1 2
2 3
3 4
4 5
5 6
6 7
7 8
8 9
9 10
10 11
11 12
12 13
13 14
14 15
15 16
16 17
17 18
18 19
19 20
21 22
22 23
23 24
24 25
25 26
26 27
27 28
28 29
29 30
30 31
31 32
32 33
33 34
34 35
35 36
36 37
37 38
38 39
39 40
41 42
42 43
43 44
44 45
45 46
46 47
47 48
48 49
49 50
50 51
51 52
52 53
53 54
54 55
55 56
56 57
57 58
58 59
59 60
61 62
62 63
63 64
64 65
65 66
66 67
67 68
68 69
69 70
70 71
71 72
72 73
73 74
74 75
75 76
76 77
77 78
78 79
79 80
81 82
82 83
83 84
84 85
85 86
86 87
87 88
88 89
89 90
90 91
91 92
92 93
93 94
94 95
95 96
96 97
97 98
98 99
99 100
101 102
102 103
103 104
104 105
105 106
106 107
107 108
108 109
109 110
110 111
111 112
112 113
113 114
114 115
115 116
116 117
117 118
118 119
119 120
121 122
122 123
123 124
124 125
125 126
126 127
127 128
128 129
129 130
130 131
131 132
132 133
133 134
134 135
135 136
136 137
137 138
138 139
139 140
141 142
142 143
143 144
144 145
145 146
146 147
147 148
148 149
149 150
150 151
151 152
152 153
153 154
154 155
155 156
156 157
157 158
158 159
159 160
161 162
162 163
163 164
164 165
165 166
166 167
167 168
168 169
169 170
170 171
171 172
172 173
173 174
174 175
175 176
176 177
177 178
178 179
179 180
181 182
182 183
183 184
184 185
185 186
186 187
187 188
188 189
189 190
190 191
191 192
192 193
193 194
194 195
195 196
196 197
197 198
198 199
199 200
1 21
2 22
3 23
4 24
5 25
6 26
7 27
8 28
9 29
10 30
11 31
12 32
13 33
14 34
15 35
16 36
17 37
18 38
19 39
20 40
21 41
22 42
23 43
24 44
25 45
26 46
27 47
28 48
29 49
30 50
31 51
32 52
33 53
34 54
35 55
36 56
37 57
38 58
39 59
40 60
41 61
42 62
43 63
44 64
45 65
46 66
47 67
48 68
49 69
50 70
51 71
52 72
53 73
54 74
55 75
56 76
57 77
58 78
59 79
60 80
61 81
62 82
63 83
64 84
65 85
66 86
67 87
68 88
69 89
70 90
71 91
72 92
73 93
74 94
75 95
76 96
77 97
78 98
79 99
80 100
81 101
82 102
83 103
84 104
85 105
86 106
87 107
88 108
89 109
90 110
91 111
92 112
93 113
94 114
95 115
96 116
97 117
98 118
99 119
100 120
101 121
102 122
103 123
104 124
105 125
106 126
107 127
108 128
109 129
110 130
111 131
112 132
113 133
114 134
115 135
116 136
117 137
118 138
119 139
120 140
121 141
122 142
123 143
124 144
125 145
126 146
127 147
128 148
129 149
130 150
131 151
132 152
133 153
134 154
135 155
136 156
137 157
138 158
139 159
140 160
141 161
142 162
143 163
144 164
145 165
146 166
147 167
148 168
149 169
150 170
151 171
152 172
153 173
154 174
155 175
156 176
157 177
158 178
159 179
160 180
161 181
162 182
163 183
164 184
165 185
166 186
167 187
168 188
169 189
170 190
171 191
172 192
173 193
174 194
175 195
176 196
177 197
178 198
179 199
180 200
181 20
182 19
183 18
184 17
185 16
186 15
187 14
188 13
189 12
190 11
191 10
192 9
193 8
194 7
195 6
196 5
197 4
198 3
199 2
200 1
40 161
60 141
80 121
100 101
120 81
140 61
160 41
180 21
