50
100
1 2
1 11
2 3
2 12
3 4
3 13
4 5
4 14
5 6
5 15
6 7
6 16
7 8
7 17
8 9
8 18
9 10
9 19
10 1
10 20
11 12
11 21
12 13
12 22
13 14
13 23
14 15
14 24
15 16
15 25
16 17
16 26
17 18
17 27
18 19
18 28
19 20
19 29
20 11
20 30
21 22
21 31
22 23
22 32
23 24
23 33
24 25
24 34
25 26
25 35
26 27
26 36
27 28
27 37
28 29
28 38
29 30
29 39
30 21
30 40
31 32
31 41
32 33
32 42
33 34
33 43
34 35
34 44
35 36
35 45
36 37
36 46
37 38
37 47
38 39
38 48
39 40
39 49
40 31
40 50
41 42
41 1
42 43
42 2
43 44
43 3
44 45
44 4
45 46
45 5
46 47
46 6
47 48
47 7
48 49
48 8
49 50
49 9
50 41
50 10
