150
300
1 2
1 51
2 3
2 52
3 4
3 53
4 5
4 54
5 6
5 55
6 7
6 56
7 8
7 57
8 9
8 58
9 10
9 59
10 11
10 60
11 12
11 61
12 13
12 62
13 14
13 63
14 15
14 64
15 16
15 65
16 17
16 66
17 18
17 67
18 19
18 68
19 20
19 69
20 21
20 70
21 22
21 71
22 23
22 72
23 24
23 73
24 25
24 74
25 26
25 75
26 27
26 76
27 28
27 77
28 29
28 78
29 30
29 79
30 31
30 80
31 32
31 81
32 33
32 82
33 34
33 83
34 35
34 84
35 36
35 85
36 37
36 86
37 38
37 87
38 39
38 88
39 40
39 89
40 41
40 90
41 42
41 91
42 43
42 92
43 44
43 93
44 45
44 94
45 46
45 95
46 47
46 96
47 48
47 97
48 49
48 98
49 50
49 99
50 1
50 100
51 52
51 101
52 53
52 102
53 54
53 103
54 55
54 104
55 56
55 105
56 57
56 106
57 58
57 107
58 59
58 108
59 60
59 109
60 61
60 110
61 62
61 111
62 63
62 112
63 64
63 113
64 65
64 114
65 66
65 115
66 67
66 116
67 68
67 117
68 69
68 118
69 70
69 119
70 71
70 120
71 72
71 121
72 73
72 122
73 74
73 123
74 75
74 124
75 76
75 125
76 77
76 126
77 78
77 127
78 79
78 128
79 80
79 129
80 81
80 130
81 82
81 131
82 83
82 132
83 84
83 133
84 85
84 134
85 86
85 135
86 87
86 136
87 88
87 137
88 89
88 138
89 90
89 139
90 91
90 140
91 92
91 141
92 93
92 142
93 94
93 143
94 95
94 144
95 96
95 145
96 97
96 146
97 98
97 147
98 99
98 148
99 100
99 149
100 51
100 150
101 102
101 1
102 103
102 2
103 104
103 3
104 105
104 4
105 106
105 5
106 107
106 6
107 108
107 7
108 109
108 8
109 110
109 9
110 111
110 10
111 112
111 11
112 113
112 12
113 114
113 13
114 115
114 14
115 116
115 15
116 117
116 16
117 118
117 17
118 119
118 18
119 120
119 19
120 121
120 20
121 122
121 21
122 123
122 22
123 124
123 23
124 125
124 24
125 126
125 25
126 127
126 26
127 128
127 27
128 129
128 28
129 130
129 29
130 131
130 30
131 132
131 31
132 133
132 32
133 134
133 33
134 135
134 34
135 136
135 35
136 137
136 36
137 138
137 37
138 139
138 38
139 140
139 39
140 141
140 40
141 142
141 41
142 143
142 42
143 144
143 43
144 145
144 44
145 146
145 45
146 147
146 46
147 148
147 47
148 149
148 48
149 150
149 49
150 101
150 50
