250
500
1 2
1 51
2 3
2 52
3 4
3 53
4 5
4 54
5 6
5 55
6 7
6 56
7 8
7 57
8 9
8 58
9 10
9 59
10 11
10 60
11 12
11 61
12 13
12 62
13 14
13 63
14 15
14 64
15 16
15 65
16 17
16 66
17 18
17 67
18 19
18 68
19 20
19 69
20 21
20 70
21 22
21 71
22 23
22 72
23 24
23 73
24 25
24 74
25 26
25 75
26 27
26 76
27 28
27 77
28 29
28 78
29 30
29 79
30 31
30 80
31 32
31 81
32 33
32 82
33 34
33 83
34 35
34 84
35 36
35 85
36 37
36 86
37 38
37 87
38 39
38 88
39 40
39 89
40 41
40 90
41 42
41 91
42 43
42 92
43 44
43 93
44 45
44 94
45 46
45 95
46 47
46 96
47 48
47 97
48 49
48 98
49 50
49 99
50 1
50 100
51 52
51 101
52 53
52 102
53 54
53 103
54 55
54 104
55 56
55 105
56 57
56 106
57 58
57 107
58 59
58 108
59 60
59 109
60 61
60 110
61 62
61 111
62 63
62 112
63 64
63 113
64 65
64 114
65 66
65 115
66 67
66 116
67 68
67 117
68 69
68 118
69 70
69 119
70 71
70 120
71 72
71 121
72 73
72 122
73 74
73 123
74 75
74 124
75 76
75 125
76 77
76 126
77 78
77 127
78 79
78 128
79 80
79 129
80 81
80 130
81 82
81 131
82 83
82 132
83 84
83 133
84 85
84 134
85 86
85 135
86 87
86 136
87 88
87 137
88 89
88 138
89 90
89 139
90 91
90 140
91 92
91 141
92 93
92 142
93 94
93 143
94 95
94 144
95 96
95 145
96 97
96 146
97 98
97 147
98 99
98 148
99 100
99 149
100 51
100 150
101 102
101 151
102 103
102 152
103 104
103 153
104 105
104 154
105 106
105 155
106 107
106 156
107 108
107 157
108 109
108 158
109 110
109 159
110 111
110 160
111 112
111 161
112 113
112 162
113 114
113 163
114 115
114 164
115 116
115 165
116 117
116 166
117 118
117 167
118 119
118 168
119 120
119 169
120 121
120 170
121 122
121 171
122 123
122 172
123 124
123 173
124 125
124 174
125 126
125 175
126 127
126 176
127 128
127 177
128 129
128 178
129 130
129 179
130 131
130 180
131 132
131 181
132 133
132 182
133 134
133 183
134 135
134 184
135 136
135 185
136 137
136 186
137 138
137 187
138 139
138 188
139 140
139 189
140 141
140 190
141 142
141 191
142 143
142 192
143 144
143 193
144 145
144 194
145 146
145 195
146 147
146 196
147 148
147 197
148 149
148 198
149 150
149 199
150 101
150 200
151 152
151 201
152 153
152 202
153 154
153 203
154 155
154 204
155 156
155 205
156 157
156 206
157 158
157 207
158 159
158 208
159 160
159 209
160 161
160 210
161 162
161 211
162 163
162 212
163 164
163 213
164 165
164 214
165 166
165 215
166 167
166 216
167 168
167 217
168 169
168 218
169 170
169 219
170 171
170 220
171 172
171 221
172 173
172 222
173 174
173 223
174 175
174 224
175 176
175 225
176 177
176 226
177 178
177 227
178 179
178 228
179 180
179 229
180 181
180 230
181 182
181 231
182 183
182 232
183 184
183 233
184 185
184 234
185 186
185 235
186 187
186 236
187 188
187 237
188 189
188 238
189 190
189 239
190 191
190 240
191 192
191 241
192 193
192 242
193 194
193 243
194 195
194 244
195 196
195 245
196 197
196 246
197 198
197 247
198 199
198 248
199 200
199 249
200 151
200 250
201 202
201 1
202 203
202 2
203 204
203 3
204 205
204 4
205 206
205 5
206 207
206 6
207 208
207 7
208 209
208 8
209 210
209 9
210 211
210 10
211 212
211 11
212 213
212 12
213 214
213 13
214 215
214 14
215 216
215 15
216 217
216 16
217 218
217 17
218 219
218 18
219 220
219 19
220 221
220 20
221 222
221 21
222 223
222 22
223 224
223 23
224 225
224 24
225 226
225 25
226 227
226 26
227 228
227 27
228 229
228 28
229 230
229 29
230 231
230 30
231 232
231 31
232 233
232 32
233 234
233 33
234 235
234 34
235 236
235 35
236 237
236 36
237 238
237 37
238 239
238 38
239 240
239 39
240 241
240 40
241 242
241 41
242 243
242 42
243 244
243 43
244 245
244 44
245 246
245 45
246 247
246 46
247 248
247 47
248 249
248 48
249 250
249 49
250 201
250 50
