1000
999
2 1
3 2
4 3
5 2
6 3
7 5
8 4
9 5
10 4
11 2
12 1
13 4
14 1
15 1
16 10
17 10
18 17
19 2
20 9
21 6
22 8
23 12
24 23
25 24
26 19
27 26
28 9
29 11
30 22
31 2
32 24
33 16
34 17
35 34
36 16
37 3
38 15
39 33
40 36
41 24
42 4
43 19
44 23
45 42
46 15
47 21
48 28
49 2
50 33
51 10
52 2
53 33
54 14
55 40
56 5
57 44
58 38
59 44
60 37
61 26
62 23
63 13
64 51
65 22
66 25
67 36
68 53
69 3
70 42
71 40
72 18
73 10
74 12
75 65
76 16
77 71
78 1
79 4
80 54
81 23
82 34
83 25
84 58
85 49
86 2
87 12
88 19
89 67
90 80
91 59
92 38
93 58
94 23
95 46
96 21
97 85
98 61
99 19
100 57
101 80
102 67
103 56
104 45
105 11
106 99
107 96
108 51
109 42
110 59
111 19
112 86
113 68
114 10
115 39
116 3
117 9
118 61
119 28
120 38
121 29
122 39
123 4
124 18
125 118
126 20
127 78
128 114
129 86
130 85
131 43
132 40
133 109
134 64
135 119
136 85
137 118
138 118
139 81
140 89
141 18
142 94
143 118
144 33
145 105
146 129
147 118
148 81
149 134
150 70
151 21
152 55
153 60
154 134
155 51
156 74
157 98
158 64
159 78
160 152
161 52
162 1
163 130
164 120
165 34
166 144
167 158
168 22
169 34
170 121
171 27
172 38
173 161
174 104
175 34
176 101
177 86
178 143
179 74
180 11
181 63
182 12
183 182
184 37
185 95
186 179
187 169
188 177
189 29
190 77
191 190
192 88
193 71
194 123
195 61
196 24
197 170
198 19
199 4
200 171
201 188
202 137
203 71
204 38
205 64
206 189
207 89
208 165
209 143
210 158
211 209
212 173
213 210
214 92
215 130
216 56
217 2
218 131
219 49
220 53
221 212
222 2
223 217
224 178
225 161
226 157
227 193
228 68
229 65
230 16
231 164
232 91
233 183
234 131
235 29
236 158
237 170
238 192
239 212
240 142
241 130
242 27
243 63
244 97
245 102
246 45
247 116
248 232
249 8
250 13
251 29
252 67
253 221
254 198
255 228
256 238
257 180
258 143
259 122
260 160
261 18
262 34
263 135
264 162
265 11
266 160
267 8
268 116
269 83
270 252
271 147
272 54
273 194
274 172
275 192
276 235
277 207
278 161
279 106
280 150
281 64
282 258
283 76
284 66
285 272
286 128
287 148
288 3
289 192
290 55
291 281
292 48
293 100
294 80
295 154
296 121
297 177
298 192
299 107
300 244
301 47
302 13
303 190
304 29
305 155
306 279
307 170
308 75
309 26
310 13
311 58
312 39
313 55
314 293
315 123
316 49
317 272
318 89
319 210
320 190
321 28
322 7
323 247
324 39
325 313
326 125
327 280
328 144
329 35
330 96
331 85
332 34
333 74
334 189
335 128
336 62
337 98
338 59
339 245
340 15
341 304
342 93
343 317
344 215
345 2
346 292
347 342
348 141
349 307
350 130
351 193
352 112
353 348
354 271
355 259
356 48
357 98
358 182
359 47
360 46
361 21
362 41
363 50
364 288
365 286
366 31
367 331
368 224
369 204
370 77
371 320
372 255
373 207
374 230
375 262
376 305
377 36
378 54
379 44
380 45
381 151
382 173
383 215
384 282
385 284
386 362
387 45
388 177
389 326
390 97
391 356
392 306
393 18
394 235
395 389
396 309
397 54
398 53
399 335
400 368
401 378
402 152
403 343
404 272
405 206
406 351
407 310
408 152
409 28
410 375
411 16
412 54
413 162
414 5
415 304
416 251
417 231
418 168
419 23
420 354
421 407
422 188
423 325
424 130
425 126
426 35
427 274
428 410
429 270
430 395
431 292
432 415
433 131
434 84
435 76
436 7
437 263
438 388
439 101
440 384
441 78
442 328
443 173
444 409
445 94
446 348
447 174
448 15
449 388
450 172
451 103
452 331
453 36
454 452
455 433
456 227
457 278
458 250
459 173
460 196
461 103
462 371
463 343
464 69
465 111
466 36
467 387
468 94
469 393
470 337
471 2
472 314
473 82
474 86
475 317
476 108
477 28
478 405
479 46
480 247
481 333
482 294
483 46
484 121
485 335
486 459
487 429
488 149
489 117
490 331
491 200
492 28
493 252
494 396
495 322
496 185
497 2
498 121
499 340
500 67
501 476
502 95
503 98
504 75
505 191
506 284
507 284
508 456
509 168
510 371
511 225
512 389
513 230
514 443
515 378
516 316
517 366
518 255
519 237
520 153
521 101
522 274
523 503
524 85
525 163
526 497
527 82
528 196
529 279
530 156
531 119
532 434
533 89
534 514
535 301
536 270
537 224
538 509
539 469
540 70
541 208
542 532
543 529
544 279
545 128
546 353
547 332
548 356
549 37
550 22
551 366
552 282
553 434
554 215
555 521
556 238
557 126
558 18
559 468
560 242
561 229
562 106
563 209
564 21
565 285
566 354
567 337
568 276
569 170
570 132
571 112
572 435
573 356
574 188
575 523
576 122
577 317
578 260
579 536
580 384
581 197
582 294
583 178
584 286
585 367
586 417
587 18
588 457
589 14
590 81
591 164
592 228
593 65
594 260
595 429
596 117
597 365
598 561
599 5
600 366
601 32
602 73
603 212
604 504
605 510
606 547
607 539
608 278
609 291
610 444
611 536
612 475
613 65
614 108
615 58
616 556
617 545
618 545
619 253
620 491
621 369
622 507
623 289
624 101
625 596
626 507
627 409
628 116
629 381
630 450
631 378
632 386
633 280
634 201
635 387
636 138
637 99
638 300
639 412
640 464
641 527
642 368
643 193
644 190
645 167
646 323
647 181
648 604
649 223
650 532
651 203
652 476
653 346
654 142
655 10
656 156
657 432
658 124
659 580
660 22
661 166
662 466
663 564
664 507
665 86
666 177
667 224
668 526
669 378
670 587
671 502
672 279
673 160
674 460
675 653
676 15
677 349
678 114
679 613
680 309
681 362
682 490
683 574
684 538
685 276
686 596
687 56
688 155
689 208
690 257
691 386
692 668
693 408
694 425
695 329
696 83
697 502
698 375
699 116
700 694
701 116
702 345
703 259
704 329
705 51
706 633
707 349
708 599
709 176
710 704
711 513
712 349
713 203
714 304
715 358
716 381
717 619
718 47
719 259
720 187
721 133
722 79
723 352
724 140
725 230
726 567
727 600
728 454
729 153
730 620
731 220
732 716
733 2
734 668
735 213
736 30
737 259
738 276
739 529
740 375
741 279
742 175
743 726
744 230
745 485
746 52
747 508
748 122
749 84
750 706
751 191
752 494
753 133
754 682
755 610
756 43
757 4
758 133
759 114
760 220
761 55
762 662
763 486
764 304
765 529
766 569
767 374
768 287
769 106
770 355
771 139
772 378
773 270
774 660
775 685
776 736
777 102
778 138
779 422
780 194
781 79
782 518
783 402
784 210
785 468
786 507
787 631
788 77
789 82
790 185
791 29
792 140
793 179
794 339
795 346
796 404
797 477
798 463
799 493
800 726
801 465
802 246
803 21
804 523
805 613
806 616
807 249
808 261
809 18
810 695
811 749
812 671
813 515
814 732
815 153
816 334
817 291
818 302
819 656
820 39
821 773
822 322
823 223
824 744
825 350
826 4
827 219
828 763
829 347
830 313
831 292
832 458
833 466
834 529
835 558
836 664
837 533
838 722
839 424
840 698
841 283
842 403
843 64
844 207
845 261
846 177
847 460
848 276
849 203
850 23
851 129
852 195
853 664
854 487
855 825
856 163
857 32
858 105
859 195
860 652
861 430
862 333
863 781
864 557
865 439
866 324
867 233
868 866
869 202
870 343
871 672
872 430
873 754
874 848
875 621
876 406
877 278
878 23
879 522
880 190
881 406
882 829
883 603
884 346
885 200
886 109
887 684
888 877
889 594
890 426
891 675
892 458
893 568
894 668
895 297
896 851
897 514
898 387
899 663
900 841
901 847
902 491
903 84
904 764
905 230
906 596
907 331
908 734
909 782
910 457
911 795
912 10
913 482
914 11
915 272
916 512
917 645
918 471
919 385
920 354
921 554
922 258
923 305
924 696
925 588
926 239
927 795
928 109
929 594
930 706
931 829
932 825
933 269
934 615
935 257
936 858
937 794
938 785
939 129
940 533
941 713
942 907
943 121
944 158
945 572
946 707
947 933
948 592
949 427
950 733
951 235
952 57
953 11
954 337
955 319
956 632
957 206
958 325
959 201
960 955
961 769
962 239
963 163
964 98
965 590
966 954
967 698
968 841
969 714
970 369
971 691
972 841
973 366
974 829
975 611
976 623
977 148
978 160
979 146
980 870
981 267
982 229
983 655
984 853
985 505
986 819
987 863
988 924
989 322
990 606
991 696
992 505
993 623
994 141
995 763
996 508
997 792
998 28
999 554
1000 617
