100
99
2 1
3 2
4 3
5 3
6 4
7 1
8 4
9 5
10 6
11 8
12 5
13 4
14 5
15 8
16 5
17 16
18 6
19 6
20 10
21 3
22 14
23 21
24 6
25 6
26 10
27 22
28 14
29 10
30 14
31 1
32 23
33 1
34 23
35 16
36 34
37 6
38 5
39 15
40 29
41 13
42 5
43 8
44 35
45 36
46 13
47 18
48 25
49 40
50 20
51 3
52 27
53 38
54 5
55 13
56 34
57 47
58 41
59 38
60 11
61 55
62 38
63 6
64 8
65 36
66 64
67 29
68 40
69 61
70 39
71 10
72 59
73 69
74 43
75 14
76 1
77 36
78 10
79 33
80 77
81 79
82 25
83 55
84 80
85 34
86 42
87 2
88 82
89 40
90 77
91 11
92 42
93 45
94 19
95 78
96 68
97 3
98 7
99 25
100 83
