301
600
1 2
1 101
2 3
2 102
3 4
3 103
4 5
4 104
5 6
5 105
6 7
6 106
7 8
7 107
8 9
8 108
9 10
9 109
10 11
10 110
11 12
11 111
12 13
12 112
13 14
13 113
14 15
14 114
15 16
15 115
16 17
16 116
17 18
17 117
18 19
18 118
19 20
19 119
20 21
20 120
21 22
21 121
22 23
22 122
23 24
23 123
24 25
24 124
25 26
25 125
26 27
26 126
27 28
27 127
28 29
28 128
29 30
29 129
30 31
30 130
31 32
31 131
32 33
32 132
33 34
33 133
34 35
34 134
35 36
35 135
36 37
36 136
37 38
37 137
38 39
38 138
39 40
39 139
40 41
40 140
41 42
41 141
42 43
42 142
43 44
43 143
44 45
44 144
45 46
45 145
46 47
46 146
47 48
47 147
48 49
48 148
49 50
49 149
50 51
50 150
51 52
51 151
52 53
52 152
53 54
53 153
54 55
54 154
55 56
55 155
56 57
56 156
57 58
57 157
58 59
58 158
59 60
59 159
60 61
60 160
61 62
61 161
62 63
62 162
63 64
63 163
64 65
64 164
65 66
65 165
66 67
66 166
67 68
67 167
68 69
68 168
69 70
69 169
70 71
70 170
71 72
71 171
72 73
72 172
73 74
73 173
74 75
74 174
75 76
75 175
76 77
76 176
77 78
77 177
78 79
78 178
79 80
79 179
80 81
80 180
81 82
81 181
82 83
82 182
83 84
83 183
84 85
84 184
85 86
85 185
86 87
86 186
87 88
87 187
88 89
88 188
89 90
89 189
90 91
90 190
91 92
91 191
92 93
92 192
93 94
93 193
94 95
94 194
95 96
95 195
96 97
96 196
97 98
97 197
98 99
98 198
99 100
99 199
100 1
100 200
101 102
101 201
102 103
102 202
103 104
103 203
104 105
104 204
105 106
105 205
106 107
106 206
107 108
107 207
108 109
108 208
109 110
109 209
110 111
110 210
111 112
111 211
112 113
112 212
113 114
113 213
114 115
114 214
115 116
115 215
116 117
116 216
117 118
117 217
118 119
118 218
119 120
119 219
120 121
120 220
121 122
121 221
122 123
122 222
123 124
123 223
124 125
124 224
125 126
125 225
126 127
126 226
127 128
127 227
128 129
128 228
129 130
129 229
130 131
130 230
131 132
131 231
132 133
132 232
133 134
133 233
134 135
134 234
135 136
135 235
136 137
136 236
137 138
137 237
138 139
138 238
139 140
139 239
140 141
140 240
141 142
141 241
142 143
142 242
143 144
143 243
144 145
144 244
145 146
145 245
146 147
146 246
147 148
147 247
148 149
148 248
149 150
149 249
150 151
150 250
151 152
151 251
152 153
152 252
153 154
153 253
154 155
154 254
155 156
155 255
156 157
156 256
157 158
157 257
158 159
158 258
159 160
159 259
160 161
160 260
161 162
161 261
162 163
162 262
163 164
163 263
164 165
164 264
165 166
165 265
166 167
166 266
167 168
167 267
168 169
168 268
169 170
169 269
170 171
170 270
171 172
171 271
172 173
172 272
173 174
173 273
174 175
174 274
175 176
175 275
176 177
176 276
177 178
177 277
178 179
178 278
179 180
179 279
180 181
180 280
181 182
181 281
182 183
182 282
183 184
183 283
184 185
184 284
185 186
185 285
186 187
186 286
187 188
187 287
188 189
188 288
189 190
189 289
190 191
190 290
191 192
191 291
192 193
192 292
193 194
193 293
194 195
194 294
195 196
195 295
196 197
196 296
197 198
197 297
198 199
198 298
199 200
199 299
200 101
200 300
201 202
201 301
202 203
202 301
203 204
203 301
204 205
204 301
205 206
205 301
206 207
206 301
207 208
207 301
208 209
208 301
209 210
209 301
210 211
210 301
211 212
211 301
212 213
212 301
213 214
213 301
214 215
214 301
215 216
215 301
216 217
216 301
217 218
217 301
218 219
218 301
219 220
219 301
220 221
220 301
221 222
221 301
222 223
222 301
223 224
223 301
224 225
224 301
225 226
225 301
226 227
226 301
227 228
227 301
228 229
228 301
229 230
229 301
230 231
230 301
231 232
231 301
232 233
232 301
233 234
233 301
234 235
234 301
235 236
235 301
236 237
236 301
237 238
237 301
238 239
238 301
239 240
239 301
240 241
240 301
241 242
241 301
242 243
242 301
243 244
243 301
244 245
244 301
245 246
245 301
246 247
246 301
247 248
247 301
248 249
248 301
249 250
249 301
250 251
250 301
251 252
251 301
252 253
252 301
253 254
253 301
254 255
254 301
255 256
255 301
256 257
256 301
257 258
257 301
258 259
258 301
259 260
259 301
260 261
260 301
261 262
261 301
262 263
262 301
263 264
263 301
264 265
264 301
265 266
265 301
266 267
266 301
267 268
267 301
268 269
268 301
269 270
269 301
270 271
270 301
271 272
271 301
272 273
272 301
273 274
273 301
274 275
274 301
275 276
275 301
276 277
276 301
277 278
277 301
278 279
278 301
279 280
279 301
280 281
280 301
281 282
281 301
282 283
282 301
283 284
283 301
284 285
284 301
285 286
285 301
286 287
286 301
287 288
287 301
288 289
288 301
289 290
289 301
290 291
290 301
291 292
291 301
292 293
292 301
293 294
293 301
294 295
294 301
295 296
295 301
296 297
296 301
297 298
297 301
298 299
298 301
299 300
299 301
300 201
300 301
