61
120
1 2
1 16
2 3
2 17
3 4
3 18
4 5
4 19
5 6
5 20
6 7
6 21
7 8
7 22
8 9
8 23
9 10
9 24
10 11
10 25
11 12
11 26
12 13
12 27
13 14
13 28
14 15
14 29
15 1
15 30
16 17
16 31
17 18
17 32
18 19
18 33
19 20
19 34
20 21
20 35
21 22
21 36
22 23
22 37
23 24
23 38
24 25
24 39
25 26
25 40
26 27
26 41
27 28
27 42
28 29
28 43
29 30
29 44
30 16
30 45
31 32
31 46
32 33
32 47
33 34
33 48
34 35
34 49
35 36
35 50
36 37
36 51
37 38
37 52
38 39
38 53
39 40
39 54
40 41
40 55
41 42
41 56
42 43
42 57
43 44
43 58
44 45
44 59
45 31
45 60
46 47
46 61
47 48
47 61
48 49
48 61
49 50
49 61
50 51
50 61
51 52
51 61
52 53
52 61
53 54
53 61
54 55
54 61
55 56
55 61
56 57
56 61
57 58
57 61
58 59
58 61
59 60
59 61
60 46
60 61
