100
180
1 2
1 21
2 3
2 22
3 4
3 23
4 5
4 24
5 6
5 25
6 7
6 26
7 8
7 27
8 9
8 28
9 10
9 29
10 11
10 30
11 12
11 31
12 13
12 32
13 14
13 33
14 15
14 34
15 16
15 35
16 17
16 36
17 18
17 37
18 19
18 38
19 20
19 39
20 1
20 40
21 22
21 41
22 23
22 42
23 24
23 43
24 25
24 44
25 26
25 45
26 27
26 46
27 28
27 47
28 29
28 48
29 30
29 49
30 31
30 50
31 32
31 51
32 33
32 52
33 34
33 53
34 35
34 54
35 36
35 55
36 37
36 56
37 38
37 57
38 39
38 58
39 40
39 59
40 21
40 60
41 42
41 61
42 43
42 62
43 44
43 63
44 45
44 64
45 46
45 65
46 47
46 66
47 48
47 67
48 49
48 68
49 50
49 69
50 51
50 70
51 52
51 71
52 53
52 72
53 54
53 73
54 55
54 74
55 56
55 75
56 57
56 76
57 58
57 77
58 59
58 78
59 60
59 79
60 41
60 80
61 62
61 81
62 63
62 82
63 64
63 83
64 65
64 84
65 66
65 85
66 67
66 86
67 68
67 87
68 69
68 88
69 70
69 89
70 71
70 90
71 72
71 91
72 73
72 92
73 74
73 93
74 75
74 94
75 76
75 95
76 77
76 96
77 78
77 97
78 79
78 98
79 80
79 99
80 61
80 100
81 82
82 83
83 84
84 85
85 86
86 87
87 88
88 89
89 90
90 91
91 92
92 93
93 94
94 95
95 96
96 97
97 98
98 99
99 100
100 81
