151
300
1 2
1 31
2 3
2 32
3 4
3 33
4 5
4 34
5 6
5 35
6 7
6 36
7 8
7 37
8 9
8 38
9 10
9 39
10 11
10 40
11 12
11 41
12 13
12 42
13 14
13 43
14 15
14 44
15 16
15 45
16 17
16 46
17 18
17 47
18 19
18 48
19 20
19 49
20 21
20 50
21 22
21 51
22 23
22 52
23 24
23 53
24 25
24 54
25 26
25 55
26 27
26 56
27 28
27 57
28 29
28 58
29 30
29 59
30 1
30 60
31 32
31 61
32 33
32 62
33 34
33 63
34 35
34 64
35 36
35 65
36 37
36 66
37 38
37 67
38 39
38 68
39 40
39 69
40 41
40 70
41 42
41 71
42 43
42 72
43 44
43 73
44 45
44 74
45 46
45 75
46 47
46 76
47 48
47 77
48 49
48 78
49 50
49 79
50 51
50 80
51 52
51 81
52 53
52 82
53 54
53 83
54 55
54 84
55 56
55 85
56 57
56 86
57 58
57 87
58 59
58 88
59 60
59 89
60 31
60 90
61 62
61 91
62 63
62 92
63 64
63 93
64 65
64 94
65 66
65 95
66 67
66 96
67 68
67 97
68 69
68 98
69 70
69 99
70 71
70 100
71 72
71 101
72 73
72 102
73 74
73 103
74 75
74 104
75 76
75 105
76 77
76 106
77 78
77 107
78 79
78 108
79 80
79 109
80 81
80 110
81 82
81 111
82 83
82 112
83 84
83 113
84 85
84 114
85 86
85 115
86 87
86 116
87 88
87 117
88 89
88 118
89 90
89 119
90 61
90 120
91 92
91 121
92 93
92 122
93 94
93 123
94 95
94 124
95 96
95 125
96 97
96 126
97 98
97 127
98 99
98 128
99 100
99 129
100 101
100 130
101 102
101 131
102 103
102 132
103 104
103 133
104 105
104 134
105 106
105 135
106 107
106 136
107 108
107 137
108 109
108 138
109 110
109 139
110 111
110 140
111 112
111 141
112 113
112 142
113 114
113 143
114 115
114 144
115 116
115 145
116 117
116 146
117 118
117 147
118 119
118 148
119 120
119 149
120 91
120 150
121 122
121 151
122 123
122 151
123 124
123 151
124 125
124 151
125 126
125 151
126 127
126 151
127 128
127 151
128 129
128 151
129 130
129 151
130 131
130 151
131 132
131 151
132 133
132 151
133 134
133 151
134 135
134 151
135 136
135 151
136 137
136 151
137 138
137 151
138 139
138 151
139 140
139 151
140 141
140 151
141 142
141 151
142 143
142 151
143 144
143 151
144 145
144 151
145 146
145 151
146 147
146 151
147 148
147 151
148 149
148 151
149 150
149 151
150 121
150 151
